共26步
初始状态
7 2 4 
5 0 6 
8 3 1 
第1步
7 2 4 
0 5 6 
8 3 1 
第2步
0 2 4 
7 5 6 
8 3 1 
第3步
2 0 4 
7 5 6 
8 3 1 
第4步
2 5 4 
7 0 6 
8 3 1 
第5步
2 5 4 
7 6 0 
8 3 1 
第6步
2 5 4 
7 6 1 
8 3 0 
第7步
2 5 4 
7 6 1 
8 0 3 
第8步
2 5 4 
7 6 1 
0 8 3 
第9步
2 5 4 
0 6 1 
7 8 3 
第10步
2 5 4 
6 0 1 
7 8 3 
第11步
2 5 4 
6 1 0 
7 8 3 
第12步
2 5 4 
6 1 3 
7 8 0 
第13步
2 5 4 
6 1 3 
7 0 8 
第14步
2 5 4 
6 1 3 
0 7 8 
第15步
2 5 4 
0 1 3 
6 7 8 
第16步
2 5 4 
1 0 3 
6 7 8 
第17步
2 5 4 
1 3 0 
6 7 8 
第18步
2 5 0 
1 3 4 
6 7 8 
第19步
2 0 5 
1 3 4 
6 7 8 
第20步
0 2 5 
1 3 4 
6 7 8 
第21步
1 2 5 
0 3 4 
6 7 8 
第22步
1 2 5 
3 0 4 
6 7 8 
第23步
1 2 5 
3 4 0 
6 7 8 
第24步
1 2 0 
3 4 5 
6 7 8 
第25步
1 0 2 
3 4 5 
6 7 8 
目标状态
0 1 2 
3 4 5 
6 7 8 
